1 2 4 3 20 2 17
2 4 4 4 11 4 12
3 4 4 3 19 4 15
4 4 4 3 20 2 10
5 2 3 3 18 2 19
6 2 3 3 11 2 16
7 4 3 4 8 3 7
8 3 3 3 17 2 13
9 3 4 3 12 3 17
10 3 3 2 15 3 9
11 3 3 2 16 2 18
12 3 3 3 15 2 8
13 4 3 4 11 3 15
14 3 3 3 9 3 7
15 4 2 2 16 2 8
16 3 4 4 16 3 15
17 4 4 4 20 2 8
18 2 4 4 13 3 11
19 3 3 2 12 2 10
20 3 3 3 19 3 19
21 4 3 2 19 3 10
22 2 3 3 16 2 11
23 4 3 3 10 3 10
24 3 4 3 15 4 16
25 4 3 2 5 2 10
26 3 4 3 18 4 16
27 2 3 3 11 3 14
28 4 4 2 7 4 13
29 3 4 3 20 3 14
30 4 3 4 8 2 8